0.000000 0.000000 -0.133192 0.000000 -0.088685 0.000000 0.203297 0.018580 
0.000000 0.000000 -0.200329 0.200329 0.000000 0.000000 0.000000 0.000000 
0.133192 0.200329 0.000000 -0.244898 -0.088623 0.000000 0.000000 0.000000 
0.000000 -0.200329 0.244898 0.000000 -0.044359 -0.000211 0.000000 0.000000 
0.088685 0.000000 0.088623 0.044359 0.000000 -0.093847 -0.127819 0.000000 
0.000000 0.000000 0.000000 0.000211 0.093847 0.000000 -0.122504 0.028447 
-0.203297 0.000000 0.000000 0.000000 0.127819 0.122504 0.000000 -0.047027 
-0.018580 -0.000000 0.000000 0.000000 0.000000 -0.028447 0.047027 0.000000 
