0.000000 0.000000 -0.113959 0.000000 -0.111125 0.000000 0.155886 -0.127759 
0.000000 0.000000 -0.274061 0.171907 0.000000 0.000000 0.000000 0.274118 
0.113959 0.274061 0.000000 -0.199588 -0.130296 0.000000 0.000000 0.000000 
0.000000 -0.171907 0.199588 0.000000 -0.131342 -0.101068 0.000000 0.000000 
0.111125 0.000000 0.130296 0.131342 0.000000 -0.107721 -0.152790 0.000000 
0.000000 0.000000 0.000000 0.101068 0.107721 0.000000 -0.133602 -0.081580 
-0.155886 0.000000 0.000000 0.000000 0.152790 0.133602 0.000000 -0.145956 
0.127759 -0.274118 0.000000 0.000000 0.000000 0.081580 0.145956 0.000000 
