0.000000 0.000000 -0.053284 0.000000 -0.048546 0.000000 -0.032908 -0.062220 
0.000000 0.000000 0.045196 0.090507 0.000000 0.000000 0.000000 0.036261 
0.053284 -0.045196 0.000000 0.045311 0.004738 0.000000 0.000000 0.000000 
0.000000 -0.090507 -0.045311 0.000000 -0.040573 -0.028340 0.000000 0.000000 
0.048546 0.000000 -0.004738 0.040573 0.000000 0.012233 0.015639 0.000000 
0.000000 0.000000 0.000000 0.028340 -0.012233 0.000000 0.003406 -0.025906 
0.032908 0.000000 0.000000 0.000000 -0.015639 -0.003406 0.000000 -0.029312 
0.062220 -0.036261 0.000000 0.000000 0.000000 0.025906 0.029312 0.000000 
