0.000000 0.000000 0.072517 0.000000 0.026106 0.000000 -0.014503 -0.084120 
0.000000 0.000000 -0.118928 -0.118928 0.000000 0.000000 0.000000 0.237857 
-0.072517 0.118928 0.000000 -0.000000 -0.046411 0.000000 0.000000 0.000000 
0.000000 0.118928 0.000000 0.000000 -0.046411 -0.072517 0.000000 0.000000 
-0.026106 0.000000 0.046411 0.046411 0.000000 -0.026106 -0.040610 0.000000 
0.000000 0.000000 0.000000 0.072517 0.026106 0.000000 -0.014503 -0.084120 
0.014503 0.000000 0.000000 0.000000 0.040610 0.014503 0.000000 -0.069617 
0.084120 -0.237857 0.000000 0.000000 0.000000 0.084120 0.069617 0.000000 
